0.05	0.003970451895034
0.245263671875	0.003954976432339
0.44052734375	0.003939561287701
0.635791015625	0.003924206226021
0.8310546875	0.003908911013117
1.026318359375	0.003893675415718
1.22158203125	0.003878499201464
1.416845703125	0.003863382138899
1.612109375	0.003848323997471
1.807373046875	0.003833324547524
2.00263671875	0.003818383560301
2.197900390625	0.003803500807932
2.3931640625	0.003788676063439
2.588427734375	0.003773909100727
2.78369140625	0.003759199694581
2.978955078125	0.003744547620667
3.17421875	0.003729952655523
3.369482421875	0.003715414576558
3.56474609375	0.003700933162049
3.760009765625	0.003686508191138
3.9552734375	0.003672139443828
4.150537109375	0.003657826700977
4.34580078125	0.003643569744299
4.541064453125	0.003629368356359
4.736328125	0.00361522232057
4.931591796875	0.003601131421187
5.12685546875	0.003587095443307
5.322119140625	0.003573114172866
5.5173828125	0.003559187396632
5.712646484375	0.003545314902206
5.90791015625	0.003531496478016
6.103173828125	0.003517731913314
6.2984375	0.003504020998174
6.493701171875	0.00349036352349
6.68896484375	0.003476759280968
6.884228515625	0.003463208063128
7.0794921875	0.003449709663297
7.274755859375	0.003436263875609
7.47001953125	0.003422870495
7.665283203125	0.003409529317205
7.860546875	0.003396240138756
8.055810546875	0.003383002756976
8.25107421875	0.00336981696998
8.446337890625	0.00335668257667
8.6416015625	0.003343599376729
8.836865234375	0.003330567170625
9.03212890625	0.0033175857596
9.227392578125	0.003304654945673
9.42265625	0.003291774531633
9.617919921875	0.003278944321039
9.81318359375	0.003266164118215
10.008447265625	0.003253433728248
10.2037109375	0.003240752956984
10.398974609375	0.003228121611027
10.59423828125	0.003215539497734
10.789501953125	0.003203006425213
10.984765625	0.003190522202319
11.180029296875	0.003178086638653
11.37529296875	0.003165699544559
11.570556640625	0.003153360731119
11.7658203125	0.00314107001015
11.961083984375	0.003128827194206
12.15634765625	0.003116632096568
12.351611328125	0.003104484531248
12.546875	0.00309238431298
12.742138671875	0.003080331257222
12.93740234375	0.00306832518015
13.132666015625	0.003056365898658
13.3279296875	0.003044453230352
13.523193359375	0.003032586993551
13.71845703125	0.00302076700728
13.913720703125	0.00300899309127
14.108984375	0.002997265065955
14.304248046875	0.00298558275247
14.49951171875	0.002973945972644
14.694775390625	0.002962354549004
14.8900390625	0.002950808304766
15.085302734375	0.002939307063837
15.28056640625	0.002927850650809
15.475830078125	0.002916438890958
15.67109375	0.002905071610242
15.866357421875	0.002893748635296
16.06162109375	0.002882469793431
16.256884765625	0.002871234912632
16.4521484375	0.002860043821553
16.647412109375	0.002848896349518
16.84267578125	0.002837792326513
17.037939453125	0.00282673158319
17.233203125	0.00281571395086
17.428466796875	0.002804739261489
17.62373046875	0.002793807347702
17.818994140625	0.002782918042774
18.0142578125	0.00277207118063
18.209521484375	0.002761266595842
18.40478515625	0.002750504123628
18.600048828125	0.002739783599848
18.7953125	0.002729104861
18.990576171875	0.002718467744222
19.18583984375	0.002707872087285
19.381103515625	0.002697317728593
19.5763671875	0.002686804507179
19.771630859375	0.002676332262704
19.96689453125	0.002665900835454
20.162158203125	0.002655510066337
20.357421875	0.002645159796883
20.552685546875	0.002634849869236
20.74794921875	0.00262458012616
20.943212890625	0.002614350411027
21.1384765625	0.002604160567823
21.333740234375	0.002594010441141
21.52900390625	0.002583899876179
21.724267578125	0.002573828718739
21.91953125	0.002563796815224
22.114794921875	0.002553804012636
22.31005859375	0.002543850158572
22.505322265625	0.002533935101225
22.7005859375	0.002524058689379
22.895849609375	0.002514220772406
23.09111328125	0.002504421200266
23.286376953125	0.002494659823505
23.481640625	0.00248493649325
23.6769042968751	0.002475251061209
23.87216796875	0.002465603379667
24.0674316406251	0.002455993301486
24.2626953125001	0.002446420680101
24.4579589843751	0.002436885369519
24.6532226562501	0.002427387224314
24.8484863281251	0.002417926099628
25.0437500000001	0.002408501851168
25.2390136718751	0.002399114335204
25.4342773437501	0.002389763408564
25.6295410156251	0.002380448928636
25.8248046875001	0.002371170753364
26.0200683593751	0.002361928741243
26.2153320312501	0.002352722751323
26.4105957031251	0.002343552643201
26.6058593750001	0.002334418277022
26.8011230468751	0.002325319513476
26.9963867187501	0.002316256213797
27.1916503906251	0.002307228239758
27.3869140625001	0.002298235453673
27.5821777343751	0.00228927771839
27.7774414062501	0.002280354897294
27.9727050781251	0.0022714668543
28.1679687500001	0.002262613453857
28.3632324218751	0.002253794560939
28.5584960937501	0.002245010041047
28.7537597656251	0.002236259760207
28.9490234375001	0.002227543584968
29.1442871093751	0.002218861382397
29.3395507812501	0.00221021302008
29.5348144531251	0.002201598366119
29.7300781250001	0.002193017289132
29.9253417968751	0.002184469658246
30.1206054687501	0.0021759553431
30.3158691406251	0.002167474213841
30.5111328125001	0.002159026141121
30.7063964843751	0.002150610996098
30.9016601562501	0.002142228650429
31.0969238281251	0.002133878976276
31.2921875000001	0.002125561846295
31.4874511718751	0.00211727713364
31.6827148437501	0.00210902471196
31.8779785156251	0.002100804455396
32.0732421875001	0.002092616238578
32.2685058593751	0.002084459936628
32.4637695312501	0.002076335425151
32.6590332031251	0.002068242580239
32.8542968750001	0.002060181278467
33.0495605468751	0.002052151396891
33.2448242187501	0.002044152813045
33.4400878906251	0.002036185404942
33.6353515625001	0.002028249051069
33.8306152343751	0.002020343630387
34.02587890625	0.00201246902233
34.221142578125	0.002004625106799
34.41640625	0.001996811764168
34.611669921875	0.001989028875271
34.80693359375	0.001981276321413
35.002197265625	0.001973553984356
35.1974609375	0.001965861746326
35.392724609375	0.001958199490007
35.58798828125	0.001950567098542
35.783251953125	0.001942964455526
35.978515625	0.001935391445011
36.173779296875	0.001927847951499
36.36904296875	0.001920333859944
36.564306640625	0.001912849055746
36.7595703125	0.001905393424753
36.954833984375	0.001897966853258
37.15009765625	0.001890569227997
37.345361328125	0.001883200436148
37.540625	0.001875860365328
37.735888671875	0.001868548903592
37.93115234375	0.001861265939431
38.126416015625	0.001854011361773
38.3216796875	0.001846785059975
38.516943359375	0.001839586923829
38.71220703125	0.001832416843554
38.907470703125	0.001825274709798
39.102734375	0.001818160413635
39.297998046875	0.001811073846565
39.49326171875	0.001804014900507
39.688525390625	0.001796983467805
39.8837890625	0.001789979441222
40.079052734375	0.001783002713937
40.27431640625	0.001776053179548
40.469580078125	0.001769130732065
40.66484375	0.001762235265914
40.860107421875	0.00175536667593
41.0553710937499	0.001748524857359
41.2506347656249	0.001741709705855
41.4458984374999	0.00173492111748
41.6411621093749	0.001728158988699
41.8364257812499	0.001721423216382
42.0316894531249	0.0017147136978
42.2269531249999	0.001708030330625
42.4222167968749	0.001701373012928
42.6174804687499	0.001694741643178
42.8127441406249	0.001688136120237
43.0080078124999	0.001681556343364
43.2032714843749	0.00167500221221
43.3985351562499	0.001668473626815
43.5937988281249	0.001661970487613
43.7890624999999	0.001655492695421
43.9843261718749	0.001649040151447
44.1795898437499	0.001642612757281
44.3748535156249	0.001636210414898
44.5701171874999	0.001629833026654
44.7653808593749	0.001623480495287
44.9606445312499	0.001617152723913
45.1559082031249	0.001610849616027
45.3511718749999	0.001604571075498
45.5464355468749	0.001598317006571
45.7416992187499	0.001592087313865
45.9369628906249	0.001585881902369
46.1322265624999	0.001579700677443
46.3274902343749	0.001573543544817
46.5227539062499	0.001567410410587
46.7180175781249	0.001561301181214
46.9132812499999	0.001555215763528
47.1085449218749	0.001549154064716
47.3038085937499	0.001543115992333
47.4990722656249	0.001537101454289
47.6943359374999	0.001531110358856
47.8895996093748	0.001525142614662
48.0848632812498	0.001519198130694
48.2801269531248	0.001513276816289
48.4753906249998	0.001507378581142
48.6706542968748	0.001501503335296
48.8659179687498	0.001495650989149
49.0611816406248	0.001489821453443
49.2564453124998	0.001484014639273
49.4517089843748	0.001478230458077
49.6469726562498	0.00147246882164
49.8422363281248	0.001466729642091
50.0374999999998	0.001461012831898
50.2327636718748	0.001455318303876
50.4280273437498	0.001449645971175
50.6232910156248	0.001443995747286
50.8185546874998	0.001438367546035
51.0138183593748	0.001432761281588
51.2090820312498	0.00142717686844
51.4043457031248	0.001421614221423
51.5996093749998	0.001416073255702
51.7948730468748	0.001410553886768
51.9901367187498	0.001405056030445
52.1854003906248	0.001399579602885
52.3806640624998	0.001394124520565
52.5759277343748	0.001388690700289
52.7711914062498	0.001383278059185
52.9664550781248	0.001377886514704
53.1617187499998	0.001372515984618
53.3569824218748	0.001367166387021
53.5522460937498	0.001361837640324
53.7475097656248	0.001356529663258
53.9427734374998	0.00135124237487
54.1380371093748	0.001345975694523
54.3333007812498	0.001340729541893
54.5285644531248	0.001335503836971
54.7238281249997	0.001330298500058
54.9190917968747	0.001325113451768
55.1143554687497	0.001319948613021
55.3096191406247	0.001314803905048
55.5048828124997	0.001309679249386
55.7001464843747	0.001304574567878
55.8954101562497	0.001299489782671
56.0906738281247	0.001294424816217
56.2859374999997	0.001289379591269
56.4812011718747	0.001284354030882
56.6764648437497	0.001279348058408
56.8717285156247	0.001274361597503
57.0669921874997	0.001269394572115
57.2622558593747	0.001264446906493
57.4575195312497	0.001259518525177
57.6527832031247	0.001254609353006
57.8480468749997	0.001249719315108
58.0433105468747	0.001244848336904
58.2385742187497	0.001239996344106
58.4338378906247	0.001235163262715
58.6291015624997	0.001230349019022
58.8243652343747	0.001225553539603
59.0196289062497	0.001220776751322
59.2148925781247	0.001216018581326
59.4101562499997	0.001211278957049
59.6054199218747	0.001206557806206
59.8006835937497	0.001201855056792
59.9959472656247	0.001197170637087
60.1912109374997	0.001192504475646
60.3864746093747	0.001187856501306
60.5817382812497	0.001183226643179
60.7770019531247	0.001178614830655
60.9722656249997	0.001174020993397
61.1675292968747	0.001169445061345
61.3627929687497	0.001164886964711
61.5580566406246	0.001160346633977
61.7533203124996	0.001155823999898
61.9485839843746	0.001151318993499
62.1438476562496	0.001146831546074
62.3391113281246	0.001142361589182
62.5343749999996	0.001137909054653
62.7296386718746	0.00113347387458
62.9249023437496	0.001129055981321
63.1201660156246	0.001124655307498
63.3154296874996	0.001120271785996
63.5106933593746	0.00111590534996
63.7059570312496	0.001111555932797
63.9012207031246	0.001107223468174
64.0964843749996	0.001102907890016
64.2917480468746	0.001098609132504
64.4870117187496	0.001094327130078
64.6822753906246	0.001090061817432
64.8775390624996	0.001085813129515
65.0728027343746	0.001081581001529
65.2680664062496	0.00107736536893
65.4633300781246	0.001073166167425
65.6585937499996	0.001068983332969
65.8538574218746	0.001064816801771
66.0491210937496	0.001060666510286
66.2443847656246	0.001056532395216
66.4396484374996	0.001052414393512
66.6349121093746	0.00104831244237
66.8301757812496	0.001044226479229
67.0254394531246	0.001040156441774
67.2207031249996	0.001036102267932
67.4159667968746	0.001032063895873
67.6112304687496	0.001028041264006
67.8064941406246	0.001024034310981
68.0017578124996	0.001020042975688
68.1970214843746	0.001016067197254
68.3922851562496	0.001012106915043
68.5875488281246	0.001008162068657
68.7828124999996	0.001004232597933
68.9780761718746	0.001000318442941
69.1733398437495	0.000996419543985
69.3686035156245	0.000992535841603
69.5638671874995	0.000988667276564
69.7591308593745	0.000984813789867
69.9543945312495	0.000980975322743
70.1496582031245	0.00097715181665
70.3449218749995	0.000973343213275
70.5401855468745	0.000969549454533
70.7354492187495	0.000965770482564
70.9307128906245	0.000962006239735
71.1259765624995	0.000958256668636
71.3212402343745	0.000954521712082
71.5165039062495	0.00095080131311
71.7117675781245	0.00094709541498
71.9070312499995	0.000943403961173
72.1022949218745	0.00093972689539
72.2975585937495	0.00093606416155
72.4928222656245	0.000932415703794
72.6880859374995	0.000928781466477
72.8833496093745	0.000925161394174
73.0786132812495	0.000921555431673
73.2738769531245	0.000917963523981
73.4691406249995	0.000914385616315
73.6644042968745	0.000910821654109
73.8596679687495	0.000907271583008
74.0549316406245	0.000903735348869
74.2501953124995	0.000900212897761
74.4454589843745	0.000896704175962
74.6407226562495	0.000893209129959
74.8359863281245	0.00088972770645
75.0312499999995	0.000886259852338
75.2265136718745	0.000882805514735
75.4217773437495	0.000879364640957
75.6170410156245	0.000875937178528
75.8123046874995	0.000872523075174
76.0075683593744	0.000869122278827
76.2028320312494	0.00086573473762
76.3980957031244	0.00086236039989
76.5933593749994	0.000858999214173
76.7886230468744	0.000855651129208
76.9838867187494	0.000852316093932
77.1791503906244	0.000848994057483
77.3744140624994	0.000845684969194
77.5696777343744	0.0008423887786
77.7649414062494	0.000839105435428
77.9602050781244	0.000835834889604
78.1554687499994	0.000832577091249
78.3507324218744	0.000829331990677
78.5459960937494	0.000826099538396
78.7412597656244	0.000822879685108
78.9365234374994	0.000819672381706
79.1317871093744	0.000816477579275
79.3270507812494	0.000813295229091
79.5223144531244	0.000810125282618
79.7175781249994	0.000806967691512
79.9128417968744	0.000803822407616
80.1081054687494	0.00080068938296
80.3033691406244	0.000797568569762
80.4986328124994	0.000794459920426
80.6938964843744	0.00079136338754
80.8891601562494	0.000788278923881
81.0844238281244	0.000785206482405
81.2796874999994	0.000782146016254
81.4749511718744	0.000779097478754
81.6702148437494	0.000776060823409
81.8654785156244	0.000773036003907
82.0607421874994	0.000770022974117
82.2560058593744	0.000767021688085
82.4512695312493	0.00076403210004
82.6465332031244	0.000761054164386
82.8417968749993	0.000758087835705
83.0370605468744	0.000755133068759
83.2323242187493	0.000752189818483
83.4275878906243	0.000749258039989
83.6228515624993	0.000746337688565
83.8181152343743	0.000743428719671
84.0133789062493	0.000740531088942
84.2086425781243	0.000737644752186
84.4039062499993	0.000734769665383
84.5991699218743	0.000731905784685
84.7944335937493	0.000729053066413
84.9896972656243	0.000726211467061
85.1849609374993	0.000723380943291
85.3802246093743	0.000720561451933
85.5754882812493	0.000717752949989
85.7707519531243	0.000714955394623
85.9660156249993	0.000712168743171
86.1612792968743	0.000709392953133
86.3565429687493	0.000706627982174
86.5518066406243	0.000703873788126
86.7470703124993	0.000701130328984
86.9423339843743	0.000698397562906
87.1375976562493	0.000695675448216
87.3328613281243	0.000692963943397
87.5281249999993	0.000690263007095
87.7233886718743	0.00068757259812
87.9186523437493	0.000684892675437
88.1139160156243	0.000682223198176
88.3091796874993	0.000679564125624
88.5044433593743	0.000676915417227
88.6997070312493	0.000674277032588
88.8949707031243	0.00067164893147
89.0902343749993	0.000669031073791
89.2854980468742	0.000666423419625
89.4807617187493	0.000663825929203
89.6760253906242	0.000661238562909
89.8712890624993	0.000658661281284
90.0665527343742	0.00065609404502
90.2618164062492	0.000653536814965
90.4570800781242	0.000650989552118
90.6523437499992	0.000648452217629
90.8476074218742	0.000645924772802
91.0428710937492	0.00064340717909
91.2381347656242	0.000640899398096
91.4333984374992	0.000638401391575
91.6286621093742	0.000635913121428
91.8239257812492	0.000633434549706
92.0191894531242	0.000630965638609
92.2144531249992	0.000628506350483
92.4097167968742	0.00062605664782
92.6049804687492	0.000623616493259
92.8002441406242	0.000621185849586
92.9955078124992	0.00061876467973
93.1907714843742	0.000616352946766
93.3860351562492	0.000613950613911
93.5812988281242	0.000611557644528
93.7765624999992	0.00060917400212
93.9718261718742	0.000606799650335
94.1670898437492	0.000604434552961
94.3623535156242	0.000602078673926
94.5576171874992	0.000599731977302
94.7528808593742	0.000597394427299
94.9481445312492	0.000595065988265
95.1434082031242	0.00059274662469
95.3386718749992	0.0005904363012
95.5339355468742	0.00058813498256
95.7291992187492	0.000585842633673
95.9244628906242	0.000583559219578
96.1197265624991	0.000581284705449
96.3149902343742	0.000579019056598
96.5102539062491	0.00057676223847
96.7055175781242	0.000574514216648
96.9007812499991	0.000572274956845
97.0960449218741	0.00057004442491
97.2913085937491	0.000567822586826
97.4865722656241	0.000565609408706
97.6818359374991	0.000563404856797
97.8770996093741	0.000561208897477
98.0723632812491	0.000559021497255
98.2676269531241	0.00055684262277
98.4628906249991	0.000554672240792
98.6581542968741	0.000552510318221
98.8534179687491	0.000550356822084
99.0486816406241	0.000548211719538
99.2439453124991	0.000546074977867
99.4392089843741	0.000543946564484
99.6344726562491	0.000541826446929
99.8297363281241	0.000539714592865
100.024999999999	0.000537610970087
100.220263671874	0.00053551554651
100.415527343749	0.000533428290177
100.610791015624	0.000531349169254
100.806054687499	0.000529278152034
101.001318359374	0.00052721520693
101.196582031249	0.00052516030248
101.391845703124	0.000523113407345
101.587109374999	0.000521074490306
101.782373046874	0.000519043520268
101.977636718749	0.000517020466256
102.172900390624	0.000515005297416
102.368164062499	0.000512997983015
102.563427734374	0.000510998492438
102.758691406249	0.000509006795192
102.953955078124	0.000507022860899
103.149218749999	0.000505046659304
103.344482421874	0.000503078160266
103.539746093749	0.000501117333763
103.735009765624	0.000499164149892
103.930273437499	0.000497218578862
104.125537109374	0.000495280591003
104.320800781249	0.000493350156757
104.516064453124	0.000491427246683
104.711328124999	0.000489511831455
104.906591796874	0.000487603881859
105.101855468749	0.000485703368798
105.297119140624	0.000483810263287
105.492382812499	0.000481924536453
105.687646484374	0.000480046159537
105.882910156249	0.000478175103891
106.078173828124	0.00047631134098
106.273437499999	0.000474454842379
106.468701171874	0.000472605579774
106.663964843749	0.000470763524962
106.859228515624	0.000468928649849
107.054492187499	0.000467100926452
107.249755859374	0.000465280326894
107.445019531249	0.000463466823411
107.640283203124	0.000461660388344
107.835546874999	0.000459860994142
108.030810546874	0.000458068613363
108.226074218749	0.000456283218671
108.421337890624	0.000454504782837
108.616601562499	0.000452733278737
108.811865234374	0.000450968679353
109.007128906249	0.000449210957774
109.202392578124	0.000447460087192
109.397656249999	0.000445716040905
109.592919921874	0.000443978792313
109.788183593749	0.000442248314922
109.983447265624	0.000440524582339
110.178710937499	0.000438807568276
110.373974609374	0.000437097246546
110.569238281249	0.000435393591065
110.764501953124	0.00043369657585
110.959765624999	0.000432006175019
111.155029296874	0.000430322362793
111.350292968749	0.00042864511349
111.545556640624	0.000426974401531
111.740820312499	0.000425310201436
111.936083984374	0.000423652487822
112.131347656249	0.00042200123541
112.326611328124	0.000420356419014
112.521874999999	0.000418718013549
112.717138671874	0.000417085994029
112.912402343749	0.000415460335562
113.107666015624	0.000413841013355
113.302929687499	0.000412228002712
113.498193359374	0.000410621279032
113.693457031249	0.000409020817812
113.888720703124	0.000407426594642
114.083984374999	0.000405838585208
114.279248046874	0.000404256765291
114.474511718749	0.000402681110767
114.669775390624	0.000401111597605
114.865039062499	0.000399548201868
115.060302734374	0.000397990899713
115.255566406249	0.000396439667389
115.450830078124	0.000394894481237
115.646093749999	0.000393355317692
115.841357421874	0.00039182215328
116.036621093749	0.000390294964619
116.231884765624	0.000388773728416
116.427148437499	0.000387258421471
116.622412109374	0.000385749020673
116.817675781249	0.000384245503004
117.012939453124	0.000382747845532
117.208203124999	0.000381256025417
117.403466796874	0.000379770019905
117.598730468749	0.000378289806335
117.793994140624	0.00037681536213
117.989257812499	0.000375346664804
118.184521484374	0.000373883691958
118.379785156249	0.00037242642128
118.575048828124	0.000370974830544
118.770312499999	0.000369528897611
118.965576171874	0.000368088600431
119.160839843749	0.000366653917036
119.356103515624	0.000365224825546
119.551367187499	0.000363801304165
119.746630859374	0.000362383331184
119.941894531249	0.000360970884975
120.137158203124	0.000359563943999
120.332421874999	0.000358162486798
120.527685546874	0.000356766491997
120.722949218749	0.000355375938306
120.918212890624	0.000353990804517
121.113476562499	0.000352611069506
121.308740234374	0.000351236712229
121.504003906249	0.000349867711727
121.699267578124	0.000348504047121
121.894531249999	0.000347145697612
122.089794921874	0.000345792642485
122.285058593749	0.000344444861104
122.480322265624	0.000343102332913
122.675585937499	0.000341765037438
122.870849609374	0.000340432954283
123.066113281249	0.000339106063132
123.261376953124	0.000337784343749
123.456640624999	0.000336467775976
123.651904296874	0.000335156339733
123.847167968749	0.00033385001502
124.042431640624	0.000332548781913
124.237695312499	0.000331252620568
124.432958984374	0.000329961511216
124.628222656249	0.000328675434167
124.823486328124	0.000327394369806
125.018749999999	0.000326118298595
125.214013671874	0.000324847201073
125.409277343749	0.000323581057855
125.604541015624	0.000322319849629
125.799804687499	0.000321063557161
125.995068359374	0.000319812161292
126.190332031249	0.000318565642935
126.385595703124	0.00031732398308
126.580859374999	0.000316087162791
126.776123046874	0.000314855163203
126.971386718749	0.000313627965529
127.166650390624	0.000312405551051
127.361914062499	0.000311187901126
127.557177734374	0.000309974997184
127.752441406249	0.000308766820726
127.947705078124	0.000307563353327
128.142968749999	0.000306364576632
128.338232421874	0.000305170472358
128.533496093749	0.000303981022294
128.728759765624	0.000302796208299
128.924023437499	0.000301616012304
129.119287109374	0.000300440416309
129.314550781249	0.000299269402384
129.509814453124	0.000298102952672
129.705078124999	0.000296941049381
129.900341796874	0.000295783674791
130.095605468749	0.000294630811252
130.290869140624	0.00029348244118
130.486132812499	0.000292338547061
130.681396484374	0.000291199111451
130.876660156249	0.00029006411697
131.071923828124	0.000288933546309
131.267187499999	0.000287807382226
131.462451171874	0.000286685607546
131.657714843749	0.000285568205159
131.852978515624	0.000284455158024
132.048242187499	0.000283346449166
132.243505859374	0.000282242061675
132.438769531249	0.000281141978709
132.634033203124	0.000280046183491
132.829296874999	0.000278954659306
133.024560546874	0.00027786738951
133.219824218749	0.000276784357519
133.415087890624	0.000275705546816
133.610351562499	0.000274630940948
133.805615234374	0.000273560523526
134.000878906249	0.000272494278225
134.196142578124	0.000271432188783
134.391406249999	0.000270374239002
134.586669921874	0.000269320412748
134.781933593749	0.000268270693947
134.977197265624	0.000267225066591
135.172460937499	0.000266183514733
135.367724609374	0.000265146022487
135.562988281249	0.000264112574032
135.758251953124	0.000263083153604
135.953515624999	0.000262057745505
136.148779296874	0.000261036334096
136.344042968749	0.000260018903799
136.539306640624	0.000259005439097
136.734570312499	0.000257995924534
136.929833984374	0.000256990344713
137.125097656249	0.000255988684298
137.320361328124	0.000254990928013
137.515624999999	0.00025399706064
137.710888671874	0.000253007067022
137.906152343749	0.00025202093206
138.101416015624	0.000251038640715
138.296679687499	0.000250060178006
138.491943359374	0.000249085529009
138.687207031249	0.00024811467886
138.882470703124	0.000247147612753
139.077734374999	0.000246184315939
139.272998046874	0.000245224773726
139.468261718749	0.00024426897148
139.663525390624	0.000243316894625
139.858789062499	0.000242368528639
140.054052734374	0.000241423859059
140.249316406249	0.000240482871478
140.444580078124	0.000239545551544
140.639843749999	0.000238611884963
140.835107421874	0.000237681857495
141.030371093749	0.000236755454955
141.225634765624	0.000235832663215
141.420898437499	0.000234913468202
141.616162109374	0.000233997855897
141.811425781249	0.000233085812334
142.006689453125	0.000232177323606
142.201953125	0.000231272375856
142.397216796875	0.000230370955282
142.59248046875	0.000229473048137
142.787744140625	0.000228578640727
142.9830078125	0.000227687719411
143.178271484375	0.000226800270601
143.37353515625	0.000225916280763
143.568798828125	0.000225035736415
143.7640625	0.000224158624128
143.959326171875	0.000223284930524
144.15458984375	0.000222414642279
144.349853515625	0.000221547746119
144.5451171875	0.000220684228824
144.740380859375	0.000219824077224
144.93564453125	0.0002189672782
145.130908203125	0.000218113818686
145.326171875	0.000217263685665
145.521435546875	0.000216416866172
145.71669921875	0.000215573347291
145.911962890625	0.000214733116158
146.1072265625	0.000213896159958
146.302490234375	0.000213062465928
146.49775390625	0.000212232021351
146.693017578125	0.000211404813563
146.88828125	0.000210580829948
147.083544921875	0.000209760057939
147.27880859375	0.000208942485018
147.474072265625	0.000208128098717
147.6693359375	0.000207316886615
147.864599609375	0.00020650883634
148.05986328125	0.000205703935569
148.255126953125	0.000204902172025
148.450390625	0.000204103533482
148.645654296875	0.000203308007758
148.84091796875	0.000202515582721
149.036181640625	0.000201726246285
149.2314453125	0.000200939986413
149.426708984375	0.000200156791113
149.62197265625	0.00019937664844
149.817236328125	0.000198599546496
150.0125	0.00019782547343
150.207763671875	0.000197054417436
150.40302734375	0.000196286366753
150.598291015625	0.00019552130967
150.7935546875	0.000194759234517
150.988818359375	0.000194000129673
151.18408203125	0.000193243983559
151.379345703125	0.000192490784645
151.574609375	0.000191740521441
151.769873046875	0.000190993182507
151.96513671875	0.000190248756445
152.160400390625	0.0001895072319
152.3556640625	0.000188768597564
152.550927734375	0.000188032842173
152.74619140625	0.000187299954504
152.941455078125	0.00018656992338
153.13671875	0.000185842737667
153.331982421875	0.000185118386276
153.52724609375	0.000184396858159
153.722509765625	0.000183678142311
153.9177734375	0.000182962227772
154.113037109375	0.000182249103622
154.30830078125	0.000181538758987
154.503564453125	0.000180831183031
154.698828125	0.000180126364965
154.894091796875	0.000179424294038
155.08935546875	0.000178724959544
155.284619140625	0.000178028350816
155.4798828125	0.00017733445723
155.675146484375	0.000176643268204
155.87041015625	0.000175954773197
156.065673828125	0.000175268961707
156.2609375	0.000174585823276
156.456201171875	0.000173905347485
156.65146484375	0.000173227523955
156.846728515625	0.00017255234235
157.0419921875	0.000171879792371
157.237255859375	0.000171209863762
157.43251953125	0.000170542546306
157.627783203125	0.000169877829824
157.823046875	0.00016921570418
158.018310546875	0.000168556159275
158.21357421875	0.000167899185051
158.408837890625	0.000167244771487
158.6041015625	0.000166592908603
158.799365234375	0.000165943586458
158.994628906251	0.000165296795148
159.189892578126	0.000164652524809
159.385156250001	0.000164010765616
159.580419921876	0.00016337150778
159.775683593751	0.000162734741553
159.970947265626	0.000162100457222
160.166210937501	0.000161468645115
160.361474609376	0.000160839295595
160.556738281251	0.000160212399064
160.752001953126	0.000159587945961
160.947265625001	0.000158965926763
161.142529296876	0.000158346331983
161.337792968751	0.000157729152171
161.533056640626	0.000157114377915
161.728320312501	0.000156501999838
161.923583984376	0.000155892008602
162.118847656251	0.000155284394903
162.314111328126	0.000154679149474
162.509375000001	0.000154076263084
162.704638671876	0.00015347572654
162.899902343751	0.000152877530681
163.095166015626	0.000152281666385
163.290429687501	0.000151688124564
163.485693359376	0.000151096896166
163.680957031251	0.000150507972174
163.876220703126	0.000149921343606
164.071484375001	0.000149337001516
164.266748046876	0.000148754936991
164.462011718751	0.000148175141154
164.657275390626	0.000147597605164
164.852539062501	0.00014702232021
165.047802734376	0.000146449277521
165.243066406251	0.000145878468356
165.438330078126	0.00014530988401
165.633593750001	0.000144743515811
165.828857421876	0.000144179355121
166.024121093751	0.000143617393337
166.219384765626	0.000143057621887
166.414648437501	0.000142500032235
166.609912109376	0.000141944615876
166.805175781251	0.000141391364341
167.000439453126	0.00014084026919
167.195703125001	0.00014029132202
167.390966796876	0.000139744514458
167.586230468751	0.000139199838165
167.781494140626	0.000138657284834
167.976757812501	0.00013811684619
168.172021484376	0.00013757851399
168.367285156251	0.000137042280026
168.562548828126	0.000136508136118
168.757812500001	0.00013597607412
168.953076171876	0.000135446085917
169.148339843751	0.000134918163427
169.343603515626	0.000134392298599
169.538867187501	0.000133868483411
169.734130859376	0.000133346709876
169.929394531251	0.000132826970036
170.124658203126	0.000132309255964
170.319921875001	0.000131793559763
170.515185546876	0.000131279873571
170.710449218751	0.000130768189551
170.905712890626	0.0001302584999
171.100976562501	0.000129750796845
171.296240234376	0.000129245072643
171.491503906251	0.000128741319581
171.686767578126	0.000128239529976
171.882031250001	0.000127739696175
172.077294921876	0.000127241810555
172.272558593751	0.000126745865523
172.467822265626	0.000126251853515
172.663085937501	0.000125759766997
172.858349609376	0.000125269598463
173.053613281251	0.000124781340439
173.248876953126	0.000124294985477
173.444140625001	0.000123810526161
173.639404296876	0.000123327955101
173.834667968751	0.000122847264938
174.029931640626	0.000122368448341
174.225195312501	0.000121891498007
174.420458984376	0.000121416406662
174.615722656251	0.000120943167061
174.810986328126	0.000120471771985
175.006250000001	0.000120002214247
175.201513671876	0.000119534486683
175.396777343751	0.000119068582162
175.592041015626	0.000118604493577
175.787304687501	0.000118142213851
175.982568359376	0.000117681735933
176.177832031251	0.0001172230528
176.373095703127	0.000116766157457
176.568359375002	0.000116311042935
176.763623046877	0.000115857702294
176.958886718752	0.00011540612862
177.154150390627	0.000114956315026
177.349414062502	0.000114508254651
177.544677734377	0.000114061940662
177.739941406252	0.000113617366252
177.935205078127	0.000113174524641
178.130468750002	0.000112733409076
178.325732421877	0.000112294012827
178.520996093752	0.000111856329195
178.716259765627	0.000111420351504
178.911523437502	0.000110986073105
179.106787109377	0.000110553487374
179.302050781252	0.000110122587715
179.497314453127	0.000109693367555
179.692578125002	0.000109265820348
179.887841796877	0.000108839939574
180.083105468752	0.000108415718737
180.278369140627	0.000107993151368
180.473632812502	0.000107572231022
180.668896484377	0.00010715295128
180.864160156252	0.000106735305746
181.059423828127	0.000106319288052
181.254687500002	0.000105904891852
181.449951171877	0.000105492110827
181.645214843752	0.000105080938681
181.840478515627	0.000104671369144
182.035742187502	0.000104263395968
182.231005859377	0.000103857012932
182.426269531252	0.000103452213838
182.621533203127	0.000103048992513
182.816796875002	0.000102647342806
183.012060546877	0.000102247258592
183.207324218752	0.00010184873377
183.402587890627	0.000101451762261
183.597851562502	0.000101056338011
183.793115234377	0.00010066245499
183.988378906252	0.000100270107189
184.183642578127	9.98792886265948E-05
184.378906250002	9.94899933408015E-05
184.574169921877	9.91022153948051E-05
184.769433593752	9.87159488745347E-05
184.964697265627	9.83311878889699E-05
185.159960937502	9.79479265700516E-05
185.355224609377	9.75661590725926E-05
185.550488281252	9.7185879574188E-05
185.745751953127	9.68070822751267E-05
185.941015625002	9.64297613983029E-05
186.136279296877	9.6053911189128E-05
186.331542968752	9.56795259154428E-05
186.526806640627	9.53065998674301E-05
186.722070312502	9.49351273575277E-05
186.917333984377	9.45651027203414E-05
187.112597656252	9.41965203125588E-05
187.307861328127	9.38293745128633E-05
187.503125000002	9.34636597218483E-05
187.698388671877	9.30993703619316E-05
187.893652343752	9.27365008772707E-05
188.088916015627	9.23750457336776E-05
188.284179687502	9.20149994185349E-05
188.479443359377	9.16563564407116E-05
188.674707031252	9.12991113304789E-05
188.869970703127	9.09432586394274E-05
189.065234375002	9.05887929403836E-05
189.260498046877	9.02357088273274E-05
189.455761718752	8.98840009153093E-05
189.651025390627	8.95336638403688E-05
189.846289062502	8.9184692259452E-05
190.041552734377	8.88370808503305E-05
190.236816406252	8.84908243115201E-05
190.432080078127	8.81459173622002E-05
190.627343750002	8.78023547421326E-05
190.822607421877	8.7460131211582E-05
191.017871093752	8.71192415512357E-05
191.213134765627	8.67796805621243E-05
191.408398437502	8.64414430655418E-05
191.603662109377	8.61045239029674E-05
191.798925781252	8.57689179359863E-05
191.994189453127	8.54346200462115E-05
192.189453125002	8.51016251352056E-05
192.384716796877	8.47699281244034E-05
192.579980468752	8.4439523955034E-05
192.775244140627	8.41104075880439E-05
192.970507812502	8.37825740040202E-05
193.165771484377	8.3456018203114E-05
193.361035156253	8.31307352049638E-05
193.556298828128	8.28067200486202E-05
193.751562500003	8.24839677924697E-05
193.946826171878	8.21624735141595E-05
194.142089843753	8.18422323105225E-05
194.337353515628	8.15232392975024E-05
194.532617187503	8.12054896100795E-05
194.727880859378	8.08889784021959E-05
194.923144531253	8.05737008466824E-05
195.118408203128	8.02596521351842E-05
195.313671875003	7.99468274780878E-05
195.508935546878	7.9635222104448E-05
195.704199218753	7.93248312619153E-05
195.899462890628	7.90156502166631E-05
196.094726562503	7.87076742533155E-05
196.289990234378	7.84008986748757E-05
196.485253906253	7.80953188026541E-05
196.680517578128	7.77909299761971E-05
196.875781250003	7.74877275532159E-05
197.071044921878	7.71857069095158E-05
197.266308593753	7.68848634389256E-05
197.461572265628	7.65851925532273E-05
197.656835937503	7.62866896820863E-05
197.852099609378	7.59893502729817E-05
198.047363281253	7.56931697911365E-05
198.242626953128	7.5398143719449E-05
198.437890625003	7.51042675584233E-05
198.633154296878	7.48115368261013E-05
198.828417968753	7.45199470579939E-05
199.023681640628	7.42294938070131E-05
199.218945312503	7.39401726434039E-05
199.414208984378	7.36519791546773E-05
199.609472656253	7.33649089455425E-05
199.804736328128	7.307895763784E-05