1.5	36655499.63
4.5	63537306.13
7.5	59994669.45
10.5 58626714.91
13.5 43712570.46
16.5 28669966.67
19.5 21834018.31
22.5 16002495.04
25.5 12583885.66
28.5 13471279.39
31.5 10239665.62
34.5 8298883.45
37.5 8321830.11
40.5 7300788.22
43.5 6058870.80
46.5 5986881.65
49.5 5801069.21
52.5 5897849.19
55.5 5855464.49
58.5 5875795.95
61.5 5487317.25
64.5 5301473.23
67.5 5253164.73
70.5 4928898.50
73.5 4747923.39
76.5 4539576.28
79.5 4359826.87
82.5 3991095.18
85.5 3703270.63
88.5 3522754.70
91.5 2463152.81
94.5 2776217.18
97.5 2574040.43
100.5 2441880.93
103.5 2137423.83
106.5 1961418.57
109.5 2209624.61
112.5 2150301.88
115.5 2105433.91
118.5 2100925.75
121.5 2088994.46
124.5 2124305.76
127.5 2141179.32
130.5 2278956.19
133.5 2422311.67
136.5 2808659.95
139.5 3123872.52
142.5 3500030.87
145.5 3724275.19
148.5 3622672.87
151.5 3017940.11
154.5 2485498.47
157.5 1968205.21
160.5 1729883.66
163.5 1567251.82
166.5 1475452.27
169.5 2330127.83
172.5 2158395.89
175.5 1986579.00
178.5 1835036.41
181.5 1840279.04
184.5 1899006.54
187.5 1849468.92
190.5 1933078.17
193.5 2034769.89
196.5 2245465.33
199.5 2446938.59
202.5 2424691.49
205.5 2822081.82
208.5 3494138.82
211.5 4109125.30
214.5 5415708.45
217.5 6819658.42
220.5 8701869.45
223.5 11119730.35
226.5 14068766.66
229.5 17739878.05
232.5 20451876.45
235.5 25968480.37
238.5 30030310.49
241.5 32889003.97
244.5 33689587.90
247.5 32571327.33
250.5 24541281.26
253.5 22066283.19
256.5 20011582.75
259.5 19403680.02
262.5 17934703.26
265.5 17641246.52
268.5 14344761.24
271.5 10244436.88
274.5 8793990.85
277.5 6199154.62
280.5 2560803.33
283.5 627542.58
286.5 461397.53
289.5 376298.67
292.5 327554.87
295.5 339631.42
298.5 359705.45
301.5 298482.77
304.5 273819.06
307.5 299038.38
310.5 281593.10
313.5 256089.96
316.5 311559.24
319.5 285179.86
322.5 263355.38
325.5 297864.61
328.5 294841.55
331.5 300733.66
334.5 277397.19
337.5 291565.47
340.5 296514.32
343.5 264528.50
346.5 294410.30
349.5 258754.81
352.5 283870.93
355.5 264671.66
358.5 257716.37
361.5 271000.38
364.5 260595.99
367.5 244403.49
370.5 260146.44
373.5 251194.28
376.5 241953.30
379.5 237887.06
382.5 249229.42
385.5 257198.45
388.5 237173.03
391.5 236479.89
394.5 248472.34
397.5 269270.50
400.5 216469.34
403.5 211673.48
406.5 212505.24
409.5 205551.04
412.5 223708.92
415.5 217631.06
418.5 210669.52
421.5 208503.35
424.5 220578.73
427.5 208431.24
430.5 218969.83
433.5 208522.89
436.5 260642.42
439.5 230756.00
442.5 211139.72
445.5 184937.54
448.5 211518.23
451.5 180400.65
454.5 190559.98
457.5 188086.90
460.5 190067.43
463.5 192420.73
466.5 192158.34
469.5 199632.69
472.5 187445.61
475.5 183934.95
478.5 195106.43
481.5 181904.50
484.5 180845.15
487.5 178913.86
490.5 182731.89
493.5 200059.64
496.5 195586.22
499.5 188565.76
502.5 160422.36
505.5 157003.10
508.5 161443.79
511.5 162739.41
514.5 184373.95
517.5 163923.35
520.5 161715.95
523.5 156051.36
526.5 145907.63
529.5 168349.40
532.5 171319.35
535.5 213565.23
538.5 142732.83
541.5 150176.40
544.5 146309.46
547.5 144519.62
550.5 150310.80
553.5 142508.91
556.5 119602.57
559.5 148576.97
562.5 145897.50
565.5 218581.05
568.5 131777.71
571.5 112375.13
574.5 125243.26
577.5 128127.87
580.5 134388.28
583.5 147824.31
586.5 138760.79
589.5 128835.74
592.5 106548.55
