1.5	95914558.03
4.5 158017175.31
7.5	53390420.36
10.5 39652854.20
13.5 33601275.39
16.5 27204065.53
19.5 22124144.54
22.5 16525683.61
25.5 13055414.10
28.5 13682499.45
31.5 11041134.25
34.5 10038509.15
37.5 10107726.27
40.5 9035529.55
43.5 8001837.29
46.5 7985588.95
49.5 7692628.80
52.5 7588545.21
55.5 7163159.53
58.5 6691787.22
61.5 5859786.32
64.5 5463468.80
67.5 5282756.79
70.5 4870997.89
73.5 4608250.27
76.5 4376488.73
79.5 4191201.04
82.5 3938604.39
85.5 3766377.59
88.5 3693828.81
91.5 2758364.46
94.5 3312839.14
97.5 3385901.65
100.5 3595141.15
103.5 3711321.78
106.5 3724207.41
109.5 4211563.38
112.5 4229406.48
115.5 4358344.67
118.5 4651838.90
121.5 4760944.90
124.5 4759673.38
127.5 3825943.28
130.5 3115232.93
133.5 2595401.26
136.5 2139600.30
139.5 1959130.22
142.5 2065367.75
145.5 2136822.98
148.5 2331279.99
151.5 2418451.15
154.5 2444752.79
157.5 2631624.50
160.5 2710620.64
163.5 2681812.90
166.5 3074888.03
169.5 4913846.44
172.5 5126202.19
175.5 4806618.21
178.5 4317331.56
181.5 3937661.64
184.5 3586558.08
187.5 3415657.90
190.5 3473178.85
193.5 3663529.93
196.5 4034745.22
199.5 4400623.87
202.5 4387359.32
205.5 5319936.27
208.5 6635816.62
211.5 8102112.98
214.5 11510371.65
217.5 15470985.38
220.5 20176342.83
223.5 25109679.76
226.5 28701589.32
229.5 31526153.12
232.5 31453358.38
235.5 35128697.15
238.5 37417333.67
241.5 38093893.80
244.5 33650998.52
247.5 27405025.45
250.5 17923382.67
253.5 14568318.71
256.5 11464024.35
259.5 8818094.86
262.5 6065313.60
265.5 4402019.34
268.5 2649843.37
271.5 1258890.22
274.5 658899.25
277.5 434317.35
280.5 371104.58
283.5 330375.44
286.5 342861.47
289.5 336464.59
292.5 297087.22
295.5 333071.96
298.5 327375.96
301.5 275924.17
304.5 251721.14
307.5 282544.27
310.5 296034.31
313.5 258651.27
316.5 284215.68
319.5 310018.68
322.5 260375.21
325.5 286639.98
328.5 289631.92
331.5 309036.27
334.5 270810.55
337.5 292633.64
340.5 298189.89
343.5 264127.80
346.5 287641.98
349.5 281745.27
352.5 250826.33
355.5 273352.13
358.5 249364.88
361.5 245297.50
364.5 249409.30
367.5 237967.47
370.5 273331.51
373.5 262124.58
376.5 242226.00
379.5 237809.94
382.5 245636.40
385.5 258077.74
388.5 242133.42
391.5 241311.90
394.5 245724.63
397.5 260869.74
400.5 216635.60
403.5 216823.26
406.5 211815.36
409.5 211709.31
412.5 211632.72
415.5 203424.76
418.5 210236.35
421.5 215324.82
424.5 215461.95
427.5 212584.83
430.5 202607.21
433.5 208810.57
436.5 211922.57
439.5 202401.85
442.5 213201.48
445.5 190811.54
448.5 218117.42
451.5 189218.55
454.5 193812.51
457.5 190057.37
460.5 204149.54
463.5 196855.39
466.5 187025.02
469.5 185466.20
472.5 186888.65
475.5 190115.67
478.5 188419.13
481.5 180074.52
484.5 183795.66
487.5 194219.61
490.5 187432.17
493.5 190321.69
496.5 177647.86
499.5 175677.04
502.5 160023.58
505.5 154576.92
508.5 155964.86
511.5 157296.15
514.5 180811.84
517.5 159552.07
520.5 156537.23
523.5 155441.32
526.5 157487.01
529.5 151478.40
532.5 253485.38
535.5 152541.47
538.5 144042.91
541.5 143217.28
544.5 141407.89
547.5 140960.70
550.5 151128.52
553.5 135308.26
556.5 116780.34
559.5 140435.12
562.5 115198.97
565.5 109164.66
568.5 132270.40
571.5 112824.20
574.5 131495.14
577.5 106825.32
580.5 125014.68
583.5 102867.59
586.5 123366.37
589.5 103973.25
592.5 108317.43
